---
title: cbind, rbind ve matrix fonksiyonları
author: Hakan Hekim
date: '2020-10-07'
slug: [cbind-rbind-ve-matrix-fonksiyonlari]
categories:
  - Temel R
tags:
  - cbind
  - rbind
  - matrix
description: cbind, rbind ve matrix fonksiyonlarını kullanarak vektörleri birleştirme ve diziler oluşturma konuları.
featured: yes
#toc: no
#featureImage: /images/path/file.jpg
#thumbnail: /images/path/thumbnail.png
shareImage: /logos/slogo.jpeg
codeMaxLines: 10
codeLineNumbers: no
figurePositionShow: yes
---

<link href="/rmarkdown-libs/anchor-sections/anchor-sections.css" rel="stylesheet" />
<script src="/rmarkdown-libs/anchor-sections/anchor-sections.js"></script>


<p>Vektörler kullanışlı olsa da çoğu zaman birden fazla değişken üzerinde işlem yapma ihtiyacı duyarız. Bunun için bu değişkenleri topluca tutacak veri yapılarına ihtiyaç duyarız. <code>rbind</code>, <code>cbind</code> fonksiyonları eşit uzunluktaki vektörleri birleştirmemizi sağlarken, <code>matrix</code> fonksiyonu dizi üertmemizi sağlar.</p>
<p>Aşağıdaki örnekte olduğu gibi boy, kilo ve yas değişkenlerini oluşturarak onlara yeni değerler atamış olalım:</p>
<pre class="r"><code>boy &lt;- c(1.80, 1.65, 1.85, 1.90, 1.70, 1.67)
kilo &lt;- c(70, 75, 80, 95, 65, 63)
yas &lt;- c(45, 37, 23, 54, 27, 44)
boy;kilo;yas</code></pre>
<pre><code>## [1] 1.80 1.65 1.85 1.90 1.70 1.67</code></pre>
<pre><code>## [1] 70 75 80 95 65 63</code></pre>
<pre><code>## [1] 45 37 23 54 27 44</code></pre>
<p>Üç değişkeni <code>c()</code> fonksiyonu kullanarak tek bir değişkende birleştirebiliriz:</p>
<pre class="r"><code>bky &lt;- c(boy,kilo,yas)
bky</code></pre>
<pre><code>##  [1]  1.80  1.65  1.85  1.90  1.70  1.67 70.00 75.00 80.00 95.00 65.00 63.00
## [13] 45.00 37.00 23.00 54.00 27.00 44.00</code></pre>
<p><code>bky</code>, 18 değerden oluşan yeni bir değişken (bky’den daha akılda kalıcı bir isim bulabilirsiniz).</p>
<p>Köşeli parantez içerisinde yer alan değerler, R çıktısında yeni satırdaki ilk değerin sıra numarasını vermektedir.</p>
<p>Şimdi bu farklı değişkenlerin sıra numarasını tutmak üzere bir <code>sn</code> değişkeni oluşturalım. Boy 1, kilo 2 ve yas 3 ile temsil edilsin. Bunu sağlamanın birkaç yolu var. Birincisi <code>c()</code> fonksiyonu;</p>
<pre class="r"><code>sn &lt;- c(1,1,1,1,1,1,2,2,2,2,2,2,3,3,3,3,3,3)
sn</code></pre>
<pre><code>##  [1] 1 1 1 1 1 1 2 2 2 2 2 2 3 3 3 3 3 3</code></pre>
<p>Daha pratik bir yöntem <code>rep()</code> fonksiyonunu kullanmak;</p>
<pre class="r"><code>sn &lt;- rep(c(1,2,3),each=6)
sn</code></pre>
<pre><code>##  [1] 1 1 1 1 1 1 2 2 2 2 2 2 3 3 3 3 3 3</code></pre>
<p>veya</p>
<pre class="r"><code>sn&lt;-rep(1:3,each=6)
sn</code></pre>
<pre><code>##  [1] 1 1 1 1 1 1 2 2 2 2 2 2 3 3 3 3 3 3</code></pre>
<p>şeklinde kısaltmak ta mümkün.</p>
<div id="cbind" class="section level2">
<h2><code>cbind()</code></h2>
<p><code>c()</code> fonksiyonuyla değişkenler aynı vektörde birleştirilirken, <code>cbind()</code> fonksiyonu değişkenleri sütun şeklinde birleştirir:</p>
<pre class="r"><code>bky &lt;- cbind(boy,kilo,yas)
bky</code></pre>
<pre><code>##       boy kilo yas
## [1,] 1.80   70  45
## [2,] 1.65   75  37
## [3,] 1.85   80  23
## [4,] 1.90   95  54
## [5,] 1.70   65  27
## [6,] 1.67   63  44</code></pre>
<p>Bu formattayken belli bir veriye ulaşmak için koordinatlarını vermek yetecektir. Mesela üçüncü satır, ikinci sütundaki değeri bulmak için;</p>
<pre class="r"><code>bky[3,2]</code></pre>
<pre><code>## kilo 
##   80</code></pre>
<p>Belli bir sütundaki değerleri seçmek için satır kısmını boş bırakmak yeterli. Yalnız virgülü unutmamak önemli. Mesela sadece kilo değişkeni için;</p>
<pre class="r"><code>bky[,3]</code></pre>
<pre><code>## [1] 45 37 23 54 27 44</code></pre>
<p>Yahut dördüncü satırdaki değişkenler için;</p>
<pre class="r"><code>bky[4,]</code></pre>
<pre><code>##  boy kilo  yas 
##  1.9 95.0 54.0</code></pre>
<p>Bir sütunun belli satırlarını seçmek te mümkün. Mesela 2. sütunun 2,3,4 ve 5. sütunlarını bu şekilde seçebiliriz;</p>
<pre class="r"><code>bky[2:5,2]</code></pre>
<pre><code>## [1] 75 80 95 65</code></pre>
<p>Hatta seçim yaparken <code>c()</code> fonksiyonu da kullanılabilir;</p>
<pre class="r"><code>bky[c(1,4,6),]</code></pre>
<pre><code>##       boy kilo yas
## [1,] 1.80   70  45
## [2,] 1.90   95  54
## [3,] 1.67   63  44</code></pre>
<p>Satır ve sütun sayısını sorgularken dim() fonlsiyonu kullanılabilir;</p>
<pre class="r"><code>dim(bky)</code></pre>
<pre><code>## [1] 6 3</code></pre>
<p>Satır ve sütun sayılarını ayrı ayrı sorgulamak için nrow() ve ncol() fonksiyonları kullanılabilir;</p>
<pre class="r"><code>nrow(bky)</code></pre>
<pre><code>## [1] 6</code></pre>
<pre class="r"><code>ncol(bky)</code></pre>
<pre><code>## [1] 3</code></pre>
</div>
<div id="rbind" class="section level2">
<h2><code>rbind()</code></h2>
<p><code>cbind()</code>, değişkenleri sütun olarak birleştirirken <code>rbind()</code>, satır olarak birleştirmektedir;</p>
<pre class="r"><code>bky &lt;- rbind(boy,kilo,yas)
bky</code></pre>
<pre><code>##      [,1]  [,2]  [,3] [,4] [,5]  [,6]
## boy   1.8  1.65  1.85  1.9  1.7  1.67
## kilo 70.0 75.00 80.00 95.0 65.0 63.00
## yas  45.0 37.00 23.00 54.0 27.0 44.00</code></pre>
</div>
<div id="matrix" class="section level2">
<h2><code>matrix()</code></h2>
<p>Değişkenleri bu şekilde birleştirmek yerine matriks oluşturup doğrudan içerisine atmakta mümkün.</p>
<pre class="r"><code>bkymat &lt;- matrix(nrow=6,ncol=3)
bkymat</code></pre>
<pre><code>##      [,1] [,2] [,3]
## [1,]   NA   NA   NA
## [2,]   NA   NA   NA
## [3,]   NA   NA   NA
## [4,]   NA   NA   NA
## [5,]   NA   NA   NA
## [6,]   NA   NA   NA</code></pre>
<p>Görüldüğü gibi boş bir matrix elde ettik. Şimdi satır veya sütunları doldurabiliriz. Bunu <code>c()</code> fonksiyonuyla uzun uzun yazarak yapabileceğimiz gibi önceden oluşturduğumuz değişkenleri atayarak ta gerçekleştirebiliriz.</p>
<pre class="r"><code>bkymat[,1] &lt;- boy
bkymat[,2] &lt;- kilo
bkymat[,3] &lt;- yas
bkymat</code></pre>
<pre><code>##      [,1] [,2] [,3]
## [1,] 1.80   70   45
## [2,] 1.65   75   37
## [3,] 1.85   80   23
## [4,] 1.90   95   54
## [5,] 1.70   65   27
## [6,] 1.67   63   44</code></pre>
<p><code>colnames()</code> fonksiyonuyla sütun adları atayabiliriz;</p>
<pre class="r"><code>colnames(bkymat) &lt;- c(&quot;Boy&quot;,&quot;Kilo&quot;,&quot;Yas&quot;)
bkymat</code></pre>
<pre><code>##       Boy Kilo Yas
## [1,] 1.80   70  45
## [2,] 1.65   75  37
## [3,] 1.85   80  23
## [4,] 1.90   95  54
## [5,] 1.70   65  27
## [6,] 1.67   63  44</code></pre>
<p>Matriks oluşturma işlemi <code>as.matrix()</code> ve <code>cbind()</code> fonksiyonlarıyla daha kolay bir biçimde yapılabilir:</p>
<pre class="r"><code>bkymat&lt;- as.matrix(cbind(boy,kilo,yas))
bkymat</code></pre>
<pre><code>##       boy kilo yas
## [1,] 1.80   70  45
## [2,] 1.65   75  37
## [3,] 1.85   80  23
## [4,] 1.90   95  54
## [5,] 1.70   65  27
## [6,] 1.67   63  44</code></pre>
<p>Bu durumda değişken isimleri sütun başlıkları olarak kullanılmaktadır. Matriksin herhangi bir elemanını yine <code>matriks[satır,sütun]</code> şeklinde sorgulayarak öğrenebiliriz veyahut başka işlemlerde kullanabiliriz.</p>
<p>Burada belki lüzumsuz veya detay gibi görünen bu fonksiyonların farklı işlemlerde çok kolaylaştırıcı olduğunu göreceksiniz.</p>
</div>
